[
  {
    "entity": "hdmi_socket_left",
    "obb": {
      "center": [
        0.267932453586773,
        0.22921541812175059,
        0.801382451571089
      ],
      "extent": [
        0.021058572257605872,
        0.010081856553568988,
        0.00429466553841671
      ],
      "rotation": [
        [
          -0.09951304887567222,
          -0.015272240158222372,
          0.9949190478546572
        ],
        [
          0.9626940827735021,
          0.2513769449145775,
          0.10014856243750539
        ],
        [
          -0.25162920358407037,
          0.9677687689969968,
          -0.01031279097448523
        ]
      ]
    }
  },
  {
    "entity": "power_socket",
    "obb": {
      "center": [
        0.28948412360277376,
        0.22641088347817445,
        0.5253872874728878
      ],
      "extent": [
        0.03171124049540135,
        0.023509630376994536,
        0.0070303769641898925
      ],
      "rotation": [
        [
          -0.9875767296500951,
          -0.07495816311604073,
          0.13810675883493972
        ],
        [
          0.13569657905016502,
          0.036371176435015085,
          0.9900826106738846
        ],
        [
          -0.07923787912170216,
          0.9965231614503508,
          -0.025747761170487937
        ]
      ]
    }
  },
  {
    "entity": "ethernet_socket",
    "obb": {
      "center": [
        0.2892196158155894,
        0.2300352969596501,
        0.7550719518041387
      ],
      "extent": [
        0.017660042918697928,
        0.013814175468031386,
        0.0035206776051691117
      ],
      "rotation": [
        [
          0.16867900029433142,
          0.009689840840833464,
          -0.9856234077192891
        ],
        [
          -0.9848316178793739,
          0.04291643696797147,
          -0.16812157465081234
        ],
        [
          0.04067037355126541,
          0.9990316743839776,
          0.016781963316223947
        ]
      ]
    }
  },
  {
    "entity": "usb_socket_top_right",
    "obb": {
      "center": [
        0.2919163439026229,
        0.2305847496781213,
        0.8633445119127503
      ],
      "extent": [
        0.014377059209729703,
        0.006905536571837947,
        0.0026573722941115444
      ],
      "rotation": [
        [
          0.0018561232185319073,
          -0.07265201174999664,
          0.9973556236344567
        ],
        [
          0.992344387395795,
          -0.12302759386967436,
          -0.010808697918937692
        ],
        [
          0.12348753625634458,
          0.9897403176264556,
          0.07186746171962091
        ]
      ]
    }
  }
]
